  70
  0 425 259 120 339 191 413 442 201 492 334 266 323 203 199 111 321 441 526 367 282 345 191 190 356 443 278 320 278 392 382 286 239 494 356 120 347  68 262 347 501 480 381 418 353 104 257 123 340 453 353 361 457 251 555 376 337  76 109 113 180 130 166 230 124 410 412 423 167 348 
425   0 182 540 613 577 793 854 612 348 751 674 696 461 280 503 155 785 920 658 175 758 482 599 227 220 235 451 401 333 802 658 658 876 646 499 336 366 636  90 861 888 720 837 756 404 636 541 758 857 638 661 853 174 424 214 689 456 324 312 557 509 590 312 485 800 495 534 269 128 
259 182   0 367 517 396 657 700 435 411 574 495 561 355  99 324  67 666 777 557  30 580 367 445 252 305 201 397 341 349 641 523 498 739 545 319 326 194 499  94 736 736 602 676 607 269 454 381 581 708 539 556 709  51 490 257 564 278 176 153 416 329 418 240 345 658 468 499  92  90 
120 540 367   0 361 101 356 353  85 601 214 150 284 269 291  67 425 409 451 375 387 225 244 134 473 561 395 400 368 499 283 254 153 430 366  84 452 174 232 459 454 394 359 320 279 199 159  79 221 372 367 365 385 367 660 493 313  96 229 231 173  84  51 340 164 345 490 492 275 454 
339 613 517 361   0 460 245 366 422 450 474 466 173 161 506 412 583 189 371  46 546 498 156 249 419 494 380 189 221 359 370 161 293 312  35 428 322 390 165 572 269 379 134 388 275 261 511 282 475 343  26  54 319 480 468 441 133 403 350 382 189 434 355 302 216 268 229 203 453 599 
191 577 396 101 460   0 428 398  64 683 189 103 369 367 304  81 443 494 506 473 410 189 344 223 544 630 466 496 461 583 319 343 220 495 465  79 537 220 323 490 530 440 448 354 343 287  66 179 197 425 465 462 444 408 746 563 403 127 294 285 272  68 114 421 263 412 587 591 309 474 
413 793 657 356 245 428   0 133 368 689 341 379  98 342 611 423 723  99 131 210 684 366 315 228 632 716 577 425 442 592 174 135 209  83 215 440 550 480 158 733 102 136 115 174  91 392 451 296 338 101 223 196  74 634 712 656 117 442 481 505 241 439 318 496 312  30 474 447 572 746 
442 854 700 353 366 398 133   0 334 794 259 321 196 430 637 418 763 231 115 337 724 281 399 256 718 806 654 533 540 693  81 222 204 134 339 433 648 510 235 784 202  42 244  56 102 452 400 319 254  42 347 322  77 685 825 742 233 449 531 548 301 429 305 577 371 104 592 568 609 789 
201 612 435  85 422  64 368 334   0 686 140  65 315 348 349 110 487 438 442 430 451 146 321 176 557 644 479 480 452 583 256 292 160 432 422 118 537 247 274 528 469 376 396 290 281 284  90 148 147 361 424 418 380 440 745 577 351 156 310 308 235 110  67 425 243 351 569 569 344 517 
492 348 411 601 450 683 689 794 686   0 802 750 600 371 487 603 442 638 818 493 431 818 403 581 160 128 229 263 256 104 773 572 646 761 484 609 152 476 560 382 718 815 583 800 693 402 749 555 807 779 475 503 761 363  79 155 571 561 394 414 512 620 634 262 461 707 237 277 435 433 
334 751 574 214 474 189 341 259 140 802   0  86 326 443 488 250 626 431 374 468 591  25 412 235 683 772 607 574 555 698 180 318 181 383 464 257 650 385 310 667 438 298 408 205 251 402 161 247   8 296 468 454 326 578 854 704 370 296 443 444 308 248 171 545 343 316 657 649 483 656 
266 674 495 150 466 103 379 321  65 750  86   0 341 406 406 171 544 458 434 469 510  86 378 218 622 710 544 539 513 647 240 324 184 434 462 176 600 311 309 589 480 362 424 271 288 348  80 205  94 354 465 456 378 503 808 642 382 218 375 373 284 166 121 489 302 357 627 624 405 575 
323 696 561 284 173 369  98 196 315 600 326 341   0 245 520 349 628 125 228 151 589 351 218 151 536 621 479 338 349 501 199  38 158 180 150 367 457 390  62 636 178 215  83 216 102 295 404 215 326 179 157 136 164 537 629 560  45 361 385 410 146 368 255 399 216 109 396 374 479 650 
203 461 355 269 161 367 342 430 348 371 443 406 245   0 348 300 422 323 473 202 385 463  32 212 291 377 236 133 116 267 402 211 277 422 190 314 221 241 195 414 400 456 259 431 327 107 428 202 447 421 184 203 409 319 414 315 230 277 190 223 141 322 285 155 105 354 221 225 293 438 
199 280  99 291 506 304 611 637 349 487 488 406 520 348   0 239 139 634 724 542 106 491 351 388 327 392 262 421 366 411 572 482 433 692 530 231 379 131 458 190 698 676 572 609 551 246 359 320 496 650 526 539 656 132 564 337 530 196 158 125 374 240 342 273 309 608 503 528  60 169 
111 503 324  67 412  81 423 418 110 603 250 171 349 300 239   0 376 474 517 431 341 255 280 199 463 549 385 425 387 503 345 317 220 497 421  17 458 141 295 418 521 459 422 382 346 212 147 137 258 438 421 422 451 332 667 482 376  47 213 205 228  22 113 341 202 412 517 524 234 406 
321 155  67 425 583 443 723 763 487 442 626 544 628 422 139 376   0 733 843 624  39 630 434 509 289 326 251 457 401 392 702 590 560 806 611 369 375 254 566  70 803 800 669 738 671 336 497 444 634 772 606 623 774 107 522 289 631 332 243 218 482 378 476 301 412 724 524 557 154  31 
441 785 666 409 189 494  99 231 438 638 431 458 125 323 634 474 733   0 195 145 694 456 303 276 603 681 557 378 406 548 272 158 278 133 154 492 509 505 181 733  81 226  65 273 181 397 525 339 429 194 163 135 161 636 652 626 104 484 490 518 262 493 380 476 325 129 410 378 588 753 
526 920 777 451 371 506 131 115 442 818 374 434 228 473 724 517 843 195   0 332 803 396 446 336 763 847 707 555 573 723 195 264 298  61 338 533 681 594 284 857 131  77 237 170 174 517 513 404 368  81 347 319  69 758 839 787 248 543 604 625 364 530 405 626 436 121 599 569 690 867 
367 658 557 375  46 473 210 337 430 493 468 469 151 202 542 431 624 145 332   0 587 493 192 254 464 539 425 234 266 404 349 150 290 272  12 448 367 422 160 615 226 346  96 364 252 296 520 296 469 310  19  15 284 521 508 487 107 427 387 419 203 452 363 346 243 235 267 237 490 640 
282 175  30 387 546 410 684 724 451 431 591 510 589 385 106 341  39 694 803 587   0 595 396 469 274 321 227 426 370 373 663 551 521 766 574 334 352 215 527  85 764 761 630 699 632 297 465 404 598 733 569 586 735  77 510 277 592 296 204 179 443 344 438 270 372 685 497 528 114  66 
345 758 580 225 498 189 366 281 146 818  25  86 351 463 491 255 630 456 396 493 595   0 432 257 697 785 620 594 574 715 203 343 205 407 488 261 667 393 334 673 463 320 433 226 276 417 152 264  28 319 492 479 349 586 872 718 395 302 454 454 329 252 185 561 361 341 678 671 489 660 
191 482 367 244 156 344 315 399 321 403 412 378 218  32 351 280 434 303 446 192 396 432   0 181 320 406 261 162 148 299 371 183 245 397 180 295 252 236 165 430 378 426 239 400 297 105 403 174 416 391 175 190 381 334 446 343 206 261 196 227 109 302 257 181  80 326 248 248 298 452 
190 599 445 134 249 223 228 256 176 581 235 218 151 212 388 199 509 276 336 254 469 257 181   0 480 570 410 341 327 476 205 121  66 307 247 216 429 258 100 529 323 292 226 239 163 202 266  69 238 263 249 242 268 430 627 503 180 214 276 293  73 217 110 337 124 222 422 414 355 534 
356 227 252 473 419 544 632 718 557 160 683 622 536 291 327 463 289 603 763 464 274 697 320 480   0  90  78 238 198 108 683 502 546 712 453 468 111 329 485 235 683 746 541 715 616 283 610 441 689 711 445 471 700 203 238  24 518 419 250 264 420 478 512 143 356 645 270 310 277 283 
443 220 305 561 494 630 716 806 644 128 772 710 621 377 392 549 326 681 847 539 321 785 406 570  90   0 166 307 275 145 772 588 635 794 529 552 173 411 571 261 761 832 621 803 703 373 695 530 778 797 520 547 785 261 204  68 600 503 336 346 508 563 601 232 446 730 317 359 349 312 
278 235 201 395 380 466 577 654 479 229 607 544 479 236 262 385 251 557 707 425 227 620 261 410  78 166   0 218 167 150 615 444 475 658 413 389 125 251 424 213 635 684 493 647 553 210 532 367 613 650 405 429 642 151 303  98 466 341 172 187 354 400 436  81 287 587 275 310 207 254 
320 451 397 400 189 496 425 533 480 263 574 539 338 133 421 425 457 378 555 234 426 594 162 341 238 307 218   0  56 170 518 312 403 498 224 437 134 341 302 428 459 553 321 543 433 216 559 334 578 517 215 243 498 351 293 259 308 396 270 302 268 446 418 156 238 444  92 108 361 465 
278 401 341 368 221 461 442 540 452 256 555 513 349 116 366 387 401 406 573 266 370 574 148 327 198 275 167  56   0 153 517 319 392 519 255 398 108 292 305 374 486 564 345 545 438 175 525 310 560 528 247 273 513 295 300 220 326 354 218 249 257 407 393 101 213 458 139 162 306 410 
392 333 349 499 359 583 592 693 583 104 698 647 501 267 411 503 392 548 723 404 373 715 299 476 108 145 150 170 153   0 670 472 542 667 394 511  48 382 459 342 629 716 491 698 592 300 648 451 703 680 385 413 664 298 164 119 475 463 300 323 408 521 530 162 356 609 173 214 355 389 
382 802 641 283 370 319 174  81 256 773 180 240 199 402 572 345 702 272 195 349 663 203 371 205 683 772 615 518 517 670   0 211 144 204 349 359 623 448 217 728 264 122 267  36  98 407 320 261 176 116 356 334 146 631 811 706 243 380 478 492 264 355 233 540 328 146 586 568 549 729 
286 658 523 254 161 343 135 222 292 572 318 324  38 211 482 317 590 158 264 150 551 343 183 121 502 588 444 312 319 472 211   0 141 218 146 335 427 352  24 598 216 245 105 233 121 257 382 181 319 209 151 136 198 499 605 526  60 326 347 372 108 337 229 364 178 143 376 357 441 612 
239 658 498 153 293 220 209 204 160 646 181 184 158 277 433 220 560 278 298 290 521 205 245  66 546 635 475 403 392 542 144 141   0 279 284 236 495 306 130 585 310 243 240 179 127 265 247 117 183 220 288 276 232 487 691 569 198 246 335 348 136 234 110 403 190 195 482 471 407 587 
494 876 739 430 312 495  83 134 432 761 383 434 180 422 692 497 806 133  61 272 766 407 397 307 712 794 658 498 519 667 204 218 279   0 279 514 626 561 241 816  74 110 178 188 153 475 510 375 379  92 288 260  58 717 780 735 194 519 564 587 324 512 388 577 395  85 539 509 655 829 
356 646 545 366  35 465 215 339 422 484 464 462 150 190 530 421 611 154 338  12 574 488 180 247 453 529 413 224 255 394 349 146 284 279   0 438 357 411 155 603 235 350 101 365 252 284 512 287 465 314   9  19 289 509 501 476 107 416 375 407 194 443 355 334 232 239 260 232 478 628 
120 499 319  84 428  79 440 433 118 609 257 176 367 314 231  17 369 492 533 448 334 261 295 216 468 552 389 437 398 511 359 335 236 514 438   0 467 142 312 413 538 474 439 395 362 223 143 155 265 454 438 439 468 329 675 486 393  49 217 207 245  11 128 349 217 429 529 538 230 400 
347 336 326 452 322 537 550 648 537 152 650 600 457 221 379 458 375 509 681 367 352 667 252 429 111 173 125 134 108  48 623 427 495 626 357 467   0 341 413 332 590 672 450 652 546 253 603 403 655 636 348 375 621 276 209 129 433 419 259 284 360 477 483 119 309 566 159 199 322 376 
 68 366 194 174 390 220 480 510 247 476 385 311 390 241 131 141 254 505 594 422 215 393 236 258 329 411 251 341 292 382 448 352 306 561 411 142 341   0 328 285 568 548 444 484 421 134 285 191 392 521 407 418 526 193 545 346 401  94  82  65 244 152 225 222 182 478 431 448 102 282 
262 636 499 232 165 323 158 235 274 560 310 309  62 195 458 295 566 181 284 160 527 334 165 100 485 571 424 302 305 459 217  24 130 241 155 312 413 328   0 575 240 261 127 241 133 234 364 158 311 227 159 147 218 476 595 508  81 303 324 348  84 314 210 345 155 163 370 354 417 589 
347  90  94 459 572 490 733 784 528 382 667 589 636 414 190 418  70 733 857 615  85 673 430 529 235 261 213 428 374 342 728 598 585 816 603 413 332 285 575   0 807 820 669 764 689 341 548 467 675 790 596 616 789  99 461 231 634 372 254 236 493 423 510 276 421 737 487 522 185  51 
501 861 736 454 269 530 102 202 469 718 438 480 178 400 698 521 803  81 131 226 764 463 378 323 683 761 635 459 486 629 264 216 310  74 235 538 590 568 240 807   0 184 142 254 192 467 552 390 435 161 244 216 125 708 731 706 173 537 559 586 324 538 418 554 392 123 490 456 655 824 
480 888 736 394 379 440 136  42 376 815 298 362 215 456 676 459 800 226  77 346 761 320 426 292 746 832 684 553 564 716 122 245 243 110 350 474 672 548 261 820 184   0 251  94 132 485 442 357 293  36 358 332  65 721 843 770 247 489 566 585 332 470 346 605 403 111 607 581 647 826 
381 720 602 359 134 448 115 244 396 583 408 424  83 259 572 422 669  65 237  96 630 433 239 226 541 621 493 321 345 491 267 105 240 178 101 439 450 444 127 669 142 251   0 277 169 333 485 285 407 215 110  82 188 572 602 564  46 428 426 454 202 441 334 413 263 141 362 333 525 689 
418 837 676 320 388 354 174  56 290 800 205 271 216 431 609 382 738 273 170 364 699 226 400 239 715 803 647 543 545 698  36 233 179 188 365 395 652 484 241 764 254  94 277   0 114 440 351 297 199  97 372 349 131 666 836 738 258 416 513 528 295 390 269 572 361 144 609 589 585 765 
353 756 607 279 275 343  91 102 281 693 251 288 102 327 551 346 671 181 174 252 632 276 297 163 616 703 553 433 438 592  98 121 127 153 252 362 546 421 133 689 192 132 169 114   0 353 361 231 249 101 259 237 106 589 726 640 145 370 435 454 200 360 236 475 271  70 496 475 518 696 
104 404 269 199 261 287 392 452 284 402 402 348 295 107 246 212 336 397 517 296 297 417 105 202 283 373 210 216 175 300 407 257 265 475 284 223 253 134 234 341 467 485 333 440 353   0 352 157 407 453 280 293 449 242 461 305 295 180  93 123 153 232 232 144  82 396 308 320 194 357 
257 636 454 159 511  66 451 400  90 749 161  80 404 428 359 147 497 525 513 520 465 152 403 266 610 695 532 559 525 648 320 382 247 510 512 143 603 285 364 548 552 442 485 351 361 352   0 233 169 432 514 508 455 469 811 628 441 192 360 350 323 132 157 487 323 431 649 651 369 528 
123 541 381  79 282 179 296 319 148 555 247 205 215 202 320 137 444 339 404 296 404 264 174  69 441 530 367 334 310 451 261 181 117 375 287 155 403 191 158 467 390 357 285 297 231 157 233   0 252 330 288 287 336 369 608 463 239 146 218 231  93 158  83 300  97 290 422 421 290 470 
340 758 581 221 475 197 338 254 147 807   8  94 326 447 496 258 634 429 368 469 598  28 416 238 689 778 613 578 560 703 176 319 183 379 465 265 655 392 311 675 435 293 407 199 249 407 169 252   0 292 469 455 321 585 859 710 370 303 449 451 311 256 177 551 347 313 660 652 490 664 
453 857 708 372 343 425 101  42 361 779 296 354 179 421 650 438 772 194  81 310 733 319 391 263 711 797 650 517 528 680 116 209 220  92 314 454 636 521 227 790 161  36 215  97 101 453 432 330 292   0 322 296  36 691 807 735 211 466 536 555 300 451 326 571 371  75 571 545 619 797 
353 638 539 367  26 465 223 347 424 475 468 465 157 184 526 421 606 163 347  19 569 492 175 249 445 520 405 215 247 385 356 151 288 288   9 438 348 407 159 596 244 358 110 372 259 280 514 288 469 322   0  28 297 503 492 467 114 415 370 402 194 442 357 327 230 247 252 223 473 622 
361 661 556 365  54 462 196 322 418 503 454 456 136 203 539 422 623 135 319  15 586 479 190 242 471 547 429 243 273 413 334 136 276 260  19 439 375 418 147 616 216 332  82 349 237 293 508 287 455 296  28   0 270 522 520 493  92 419 386 416 194 443 352 350 237 221 279 251 487 641 
457 853 709 385 319 444  74  77 380 761 326 378 164 409 656 451 774 161  69 284 735 349 381 268 700 785 642 498 513 664 146 198 232  58 289 468 621 526 218 789 125  65 188 131 106 449 455 336 321  36 297 270   0 689 786 724 190 476 535 556 296 465 340 562 368  55 548 521 622 799 
251 174  51 367 480 408 634 685 440 363 578 503 537 319 132 332 107 636 758 521  77 586 334 430 203 261 151 351 295 298 631 499 487 717 509 329 276 193 476  99 708 721 572 666 589 242 469 369 585 691 503 522 689   0 441 209 536 284 154 139 394 340 416 194 322 637 420 451 100 119 
555 424 490 660 468 746 712 825 745  79 854 808 629 414 564 667 522 652 839 508 510 872 446 627 238 204 303 293 300 164 811 605 691 780 501 675 209 545 595 461 731 843 602 836 726 461 811 608 859 807 492 520 786 441   0 234 596 627 463 485 556 685 689 326 512 733 242 276 511 512 
376 214 257 493 441 563 656 742 577 155 704 642 560 315 337 482 289 626 787 487 277 718 343 503  24  68  98 259 220 119 706 526 569 735 476 486 129 346 508 231 706 770 564 738 640 305 628 463 710 735 467 493 724 209 234   0 541 437 269 281 443 496 533 166 379 669 286 327 289 281 
337 689 564 313 133 403 117 233 351 571 370 382  45 230 530 376 631 104 248 107 592 395 206 180 518 600 466 308 326 475 243  60 198 194 107 393 433 401  81 634 173 247  46 258 145 295 441 239 370 211 114  92 190 536 596 541   0 383 388 414 158 395 289 385 222 137 360 335 485 652 
 76 456 278  96 403 127 442 449 156 561 296 218 361 277 196  47 332 484 543 427 296 302 261 214 419 503 341 396 354 463 380 326 246 519 416  49 419  94 303 372 537 489 428 416 370 180 192 146 303 466 415 419 476 284 627 437 383   0 168 158 228  59 147 301 187 434 488 499 187 362 
109 324 176 229 350 294 481 531 310 394 443 375 385 190 158 213 243 490 604 387 204 454 196 276 250 336 172 270 218 300 478 347 335 564 375 217 259  82 324 254 559 566 426 513 435  93 360 218 449 536 370 386 535 154 463 269 388 168   0  33 241 228 274 140 169 484 357 377 103 265 
113 312 153 231 382 285 505 548 308 414 444 373 410 223 125 205 218 518 625 419 179 454 227 293 264 346 187 302 249 323 492 372 348 587 407 207 284  65 348 236 586 585 454 528 454 123 350 231 451 555 402 416 556 139 485 281 414 158  33   0 264 217 279 167 194 506 388 410  71 242 
180 557 416 173 189 272 241 301 235 512 308 284 146 141 374 228 482 262 364 203 443 329 109  73 420 508 354 268 257 408 264 108 136 324 194 245 360 244  84 493 324 332 202 295 200 153 323  93 311 300 194 194 296 394 556 443 158 228 241 264   0 249 168 277  72 244 349 342 332 505 
130 509 329  84 434  68 439 429 110 620 248 166 368 322 240  22 378 493 530 452 344 252 302 217 478 563 400 446 407 521 355 337 234 512 443  11 477 152 314 423 538 470 441 390 360 232 132 158 256 451 442 443 465 340 685 496 395  59 228 217 249   0 125 359 224 427 538 546 241 409 
166 590 418  51 355 114 318 305  67 634 171 121 255 285 342 113 476 380 405 363 438 185 257 110 512 601 436 418 393 530 233 229 110 388 355 128 483 225 210 510 418 346 334 269 236 232 157  83 177 326 357 352 340 416 689 533 289 147 274 279 168 125   0 375 181 304 506 504 326 505 
230 312 240 340 302 421 496 577 425 262 545 489 399 155 273 341 301 476 626 346 270 561 181 337 143 232  81 156 101 162 540 364 403 577 334 349 119 222 345 276 554 605 413 572 475 144 487 300 551 571 327 350 562 194 326 166 385 301 140 167 277 359 375   0 213 507 231 260 213 310 
124 485 345 164 216 263 312 371 243 461 343 302 216 105 309 202 412 325 436 243 372 361  80 124 356 446 287 238 213 356 328 178 190 395 232 217 309 182 155 421 392 403 263 361 271  82 323  97 347 371 230 237 368 322 512 379 222 187 169 194  72 224 181 213   0 316 327 328 264 434 
410 800 658 345 268 412  30 104 351 707 316 357 109 354 608 412 724 129 121 235 685 341 326 222 645 730 587 444 458 609 146 143 195  85 239 429 566 478 163 737 123 111 141 144  70 396 431 290 313  75 247 221  55 637 733 669 137 434 484 506 244 427 304 507 316   0 496 470 572 748 
412 495 468 490 229 587 474 592 569 237 657 627 396 221 503 517 524 410 599 267 497 678 248 422 270 317 275  92 139 173 586 376 482 539 260 529 159 431 370 487 490 607 362 609 496 308 649 422 660 571 252 279 548 420 242 286 360 488 357 388 349 538 506 231 327 496   0  42 443 529 
423 534 499 492 203 591 447 568 569 277 649 624 374 225 528 524 557 378 569 237 528 671 248 414 310 359 310 108 162 214 568 357 471 509 232 538 199 448 354 522 456 581 333 589 475 320 651 421 652 545 223 251 521 451 276 327 335 499 377 410 342 546 504 260 328 470  42   0 468 563 
167 269  92 275 453 309 572 609 344 435 483 405 479 293  60 234 154 588 690 490 114 489 298 355 277 349 207 361 306 355 549 441 407 655 478 230 322 102 417 185 655 647 525 585 518 194 369 290 490 619 473 487 622 100 511 289 485 187 103  71 332 241 326 213 264 572 443 468   0 180 
348 128  90 454 599 474 746 789 517 433 656 575 650 438 169 406  31 753 867 640  66 660 452 534 283 312 254 465 410 389 729 612 587 829 628 400 376 282 589  51 824 826 689 765 696 357 528 470 664 797 622 641 799 119 512 281 652 362 265 242 505 409 505 310 434 748 529 563 180   0 
